20.0464909888
14.98917324
11.9802133153
10.9756432941
9.99659046619
9.38877127194
9.00233985416
8.44947629437
8.01217294887
7.59510714987
7.23627606617
7.00541704554
6.49159774567
6.01075739884
5.84661374788
5.52976580795
5.22758097313
4.99593346816
4.66451770247
4.42803373661
4.17683491473
4.00794511147
3.70877426464
3.49086136926
3.28303305796
3.00813107163
2.89578500573
2.73314261732
2.5772902716
2.44422570455
2.31611074396
2.20792547238
2.1032696526
2.00202813925
1.90408954353
1.82268925262
1.74357057433
1.66666955611
1.60423452207
1.53123902916
1.4955121665
1.41409822037
1.3575766674
1.30237845991
1.24847261425
1.20625808078
1.15460271236
1.11415056377
1.07445789455
1.03551044566
0.997294225782
0.950531351585
0.923000816178
0.886896937575
0.851470900625
0.816709979012
0.791068248946
0.757441372616
0.732636182022
0.700106353719
0.676110411213
0.644641840685
0.621428745243
0.598543288188
0.575980845108
0.546392183141
0.524565820434
0.503047523245
0.481832943421
0.460917794181
0.440297849248
0.419968941997
0.399926964614
0.38016786726
0.360687657262
0.347853841858
0.328829724206
0.310074120128
0.297717684517
0.273353346578
0.261343256161
0.243540181555
0.22598838626
0.214425035514
0.197284182376
0.180385261706
0.169252033244
0.152748768902
0.14187620397
0.125759332411
0.109869940459
0.0994018026302
0.0838844307975
0.0736613846564
0.0585073227945
0.0485236299818
0.0337243718735
0.0239744283828
0.00952166696794
2.22044604925e-16
